63 148
2 10
6 7
7 6
7 10
7 8
8 7
8 9
9 8
9 19
10 2
10 7
10 57
10 11
11 10
11 57
11 20
11 18
15 17
15 20
15 16
16 15
16 20
17 18
17 20
17 15
18 11
18 17
19 9
19 20
20 11
20 17
20 15
20 16
20 19
20 56
23 51
23 50
23 24
23 26
23 43
23 45
24 23
24 25
24 50
25 24
25 26
25 45
25 50
25 51
26 23
26 25
26 27
26 44
26 45
26 50
26 51
27 26
27 44
27 28
28 27
28 29
28 42
28 41
28 44
29 28
29 42
29 39
30 44
30 42
30 41
30 40
30 39
31 40
31 39
31 38
31 34
32 39
32 38
33 39
33 38
34 31
34 39
34 35
34 36
35 34
35 36
36 34
36 35
37 61
38 31
38 32
38 33
38 39
38 47
39 29
39 30
39 31
39 32
39 33
39 34
39 38
39 47
39 46
39 40
39 45
39 50
40 30
40 31
40 39
40 46
40 50
41 28
41 30
41 42
41 45
41 46
42 28
42 29
42 30
42 41
42 50
42 43
43 23
43 42
44 26
44 27
44 28
44 30
45 23
45 25
45 26
45 39
45 41
45 50
45 51
46 39
46 40
46 41
46 47
46 49
46 54
46 50
46 53
47 38
47 39
47 46
47 49
47 50
49 46
49 47
49 50
49 53
49 56
50 23
50 24
50 25
50 26
50 39
50 40
50 42
50 45
50 46
50 47
50 49
50 53
50 52
50 51
50 54
51 23
51 25
51 26
51 45
51 50
52 50
52 53
52 56
53 46
53 49
53 50
53 52
53 56
54 46
54 50
54 55
54 56
55 54
55 56
56 20
56 49
56 52
56 53
56 54
56 55
56 57
57 10
57 11
57 56
