62 146
1 58
1 10
2 58
2 10
3 58
4 58
5 58
6 58
6 7
7 58
7 10
7 8
8 58
8 9
9 58
9 19
10 58
10 57
10 11
11 57
11 20
11 18
11 59
12 59
13 59
14 59
17 18
17 20
17 59
17 15
18 59
15 59
15 20
15 16
16 20
20 59
20 19
20 60
20 56
21 60
22 60
23 60
23 51
23 50
23 24
23 26
23 43
24 25
24 50
25 26
25 45
25 50
25 51
26 27
26 44
26 45
26 50
26 51
26 60
27 44
27 28
28 29
28 42
28 41
28 44
29 42
29 39
30 44
30 42
30 41
30 40
30 39
31 40
31 39
31 38
31 34
32 39
32 38
33 39
33 38
34 39
34 35
34 36
34 61
35 61
35 36
36 61
37 61
38 61
38 39
38 47
39 61
39 47
39 46
39 40
39 45
39 50
39 60
40 46
40 50
40 61
41 42
41 45
41 61
41 46
42 61
42 50
42 43
45 50
45 51
45 60
46 47
46 49
46 54
46 50
46 53
46 60
47 49
47 50
48 62
49 50
49 53
49 56
49 61
50 53
50 52
50 51
50 54
50 60
50 62
51 60
52 53
52 56
52 60
53 56
53 60
54 55
54 60
54 56
55 56
56 60
56 57
57 60
58 60
61 37
62 60